90 150 3 m
90 180 3 r
90 210 3 g
90 240 3 b
90 270 3 y
90 300 3 v
90 330 3 o
180 150 3 g
180 180 3 m
180 210 3 b
180 240 3 y
180 270 3 v
180 300 3 o
180 330 3 r
270 150 3 b
270 180 3 y
270 210 3 m
270 240 3 v
270 270 3 o
270 300 3 r
270 330 3 g
360 150 3 y
360 180 3 v
360 210 3 o
360 240 3 m
360 270 3 r
360 300 3 g
360 330 3 b
450 150 3 v
450 180 3 o
450 210 3 r
450 240 3 g
450 270 3 m
450 300 3 b
450 330 3 y
540 150 3 o
540 180 3 r
540 210 3 g
540 240 3 b
540 270 3 y
540 300 3 v
540 330 3 m
630 150 3 o
630 180 3 r
630 210 3 g
630 240 3 b
630 270 3 y
630 300 3 v
630 330 3 m
720 150 3 v
720 180 3 o
720 210 3 r
720 240 3 g
720 270 3 m
720 300 3 b
720 330 3 y
810 150 3 y
810 180 3 v
810 210 3 o
810 240 3 m
810 270 3 r
810 300 3 g
810 330 3 b
900 150 3 b
900 180 3 y
900 210 3 m
900 240 3 v
900 270 3 o
900 300 3 r
900 330 3 g
990 150 3 g
990 180 3 m
990 210 3 b
990 240 3 y
990 270 3 v
990 300 3 o
990 330 3 r
1080 150 3 m
1080 180 3 r
1080 210 3 g
1080 240 3 b
1080 270 3 y
1080 300 3 v
1080 330 3 o