90 210 3 y
90 240 3 y
90 270 3 y
90 300 3 y
90 330 3 y
90 360 3 y
90 390 3 y
90 420 3 y
90 450 3 y
90 480 3 y
180 180 3 y
180 210 3 y
180 480 3 y
180 510 3 y
270 150 3 y
270 180 3 y
270 510 3 y
270 540 3 y
360 150 3 y
360 180 3 y
360 360 3 r
360 390 3 r
360 510 3 y
360 540 3 y
450 150 3 y
450 180 3 y
450 240 3 m
450 270 3 m
450 420 3 r
450 510 3 y
450 540 3 y
540 150 3 y
540 180 3 y
540 450 3 r
540 510 3 y
540 540 3 y
630 150 3 y
630 180 3 y
630 450 3 r
630 510 3 y
630 540 3 y
720 150 3 y
720 180 3 y
720 240 3 m
720 270 3 m
720 420 3 r
720 510 3 y
720 540 3 y
810 150 3 y
810 180 3 y
810 360 3 r
810 390 3 r
810 510 3 y
810 540 3 y
900 150 3 y
900 180 3 y
900 510 3 y
900 540 3 y
990 180 3 y
990 210 3 y
990 480 3 y
990 510 3 y
1080 210 3 y
1080 240 3 y
1080 270 3 y
1080 300 3 y
1080 330 3 y
1080 360 3 y
1080 390 3 y
1080 420 3 y
1080 450 3 y
1080 480 3 y