90 150 3 r
90 180 3 r
90 210 3 o
90 240 3 o
90 270 3 y
90 300 3 y
90 330 3 g
90 360 3 g
90 390 3 b
90 420 3 b
90 450 3 v
90 480 3 v
180 165 3 r
180 195 3 r
180 225 3 o
180 255 3 o
180 285 3 y
180 315 3 y
180 345 3 g
180 375 3 g
180 405 3 b
180 435 3 b
180 465 3 v
180 495 3 v
270 150 3 r
270 180 3 r
270 210 3 o
270 240 3 o
270 270 3 y
270 300 3 y
270 330 3 g
270 360 3 g
270 390 3 b
270 420 3 b
270 450 3 v
270 480 3 v
360 165 3 r
360 195 3 r
360 225 3 o
360 255 3 o
360 285 3 y
360 315 3 y
360 345 3 g
360 375 3 g
360 405 3 b
360 435 3 b
360 465 3 v
360 495 3 v
450 150 3 r
450 180 3 r
450 210 3 o
450 240 3 o
450 270 3 y
450 300 3 y
450 330 3 g
450 360 3 g
450 390 3 b
450 420 3 b
450 450 3 v
450 480 3 v
540 165 3 r
540 195 3 r
540 225 3 o
540 255 3 o
540 285 3 y
540 315 3 y
540 345 3 g
540 375 3 g
540 405 3 b
540 435 3 b
540 465 3 v
540 495 3 v
630 150 3 r
630 180 3 r
630 210 3 o
630 240 3 o
630 270 3 y
630 300 3 y
630 330 3 g
630 360 3 g
630 390 3 b
630 420 3 b
630 450 3 v
630 480 3 v
720 165 3 r
720 195 3 r
720 225 3 o
720 255 3 o
720 285 3 y
720 315 3 y
720 345 3 g
720 375 3 g
720 405 3 b
720 435 3 b
720 465 3 v
720 495 3 v
810 150 3 r
810 180 3 r
810 210 3 o
810 240 3 o
810 270 3 y
810 300 3 y
810 330 3 g
810 360 3 g
810 390 3 b
810 420 3 b
810 450 3 v
810 480 3 v
900 165 3 r
900 195 3 r
900 225 3 o
900 255 3 o
900 285 3 y
900 315 3 y
900 345 3 g
900 375 3 g
900 405 3 b
900 435 3 b
900 465 3 v
900 495 3 v
990 150 3 r
990 180 3 r
990 210 3 o
990 240 3 o
990 270 3 y
990 300 3 y
990 330 3 g
990 360 3 g
990 390 3 b
990 420 3 b
990 450 3 v
990 480 3 v
1080 165 3 r
1080 195 3 r
1080 225 3 o
1080 255 3 o
1080 285 3 y
1080 315 3 y
1080 345 3 g
1080 375 3 g
1080 405 3 b
1080 435 3 b
1080 465 3 v
1080 495 3 v