113
135 210 3 g
135 240 3 g
135 270 3 g
135 300 3 g
135 330 3 g
135 360 3 g
135 390 3 g
135 420 3 g
225 180 3 g
225 210 3 g
225 240 3 g
225 270 3 g
225 300 3 g
225 330 3 g
225 360 3 g
225 390 3 g
225 420 3 g
225 450 3 g
315 180 3 y
315 210 3 y
315 240 3 y
315 270 3 y
315 300 3 y
315 330 3 y
315 360 3 y
315 390 3 y
315 420 3 y
315 450 3 y
315 480 3 y
405 210 3 y
405 240 3 y
405 270 3 y
405 300 3 y
405 330 3 y
405 360 3 y
405 390 3 y
405 420 3 y
405 450 3 y
405 480 3 y
405 510 3 y
495 240 3 o
495 270 3 o
495 300 3 o
495 330 3 o
495 360 3 o
495 390 3 o
495 420 3 o
495 450 3 o
495 480 3 o
495 510 3 o
495 540 3 o
585 270 3 o
585 300 3 o
585 330 3 o
585 360 3 o
585 390 3 o
585 420 3 o
585 450 3 o
585 480 3 o
585 510 3 o
585 540 3 o
585 570 3 o
675 240 3 o
675 270 3 o
675 300 3 o
675 330 3 o
675 360 3 o
675 390 3 o
675 420 3 o
675 450 3 o
675 480 3 o
675 510 3 o
675 540 3 o
765 210 3 r
765 240 3 r
765 270 3 r
765 300 3 r
765 330 3 r
765 360 3 r
765 390 3 r
765 420 3 r
765 450 3 r
765 480 3 r
765 510 3 r
855 180 3 r
855 210 3 r
855 240 3 r
855 270 3 r
855 300 3 r
855 330 3 r
855 360 3 r
855 390 3 r
855 420 3 r
855 450 3 r
855 480 3 r
945 180 3 v
945 210 3 v
945 240 3 v
945 270 3 v
945 300 3 v
945 330 3 v
945 360 3 v
945 390 3 v
945 420 3 v
945 450 3 v
1035 210 3 v
1035 240 3 v
1035 270 3 v
1035 300 3 v
1035 330 3 v
1035 360 3 v
1035 390 3 v
1035 420 3 v
0
688 880 1 1
714.001 725.999
0
4